===============================================================================
 Language            Files        Lines         Code     Comments       Blanks
===============================================================================
 CSS                     1          175          161            4           10
 Dockerfile              5           96           43           25           28
 Go                      5          543          372           53          118
 HTML                    1           38           34            1            3
 JavaScript             12          748          526           72          150
 JSON                    4        14063        14063            0            0
 Markdown                4           82            0           48           34
 PHP                     6          273          203           15           55
 Sass                    8          381          262           37           82
 SQL                     2           43           33            3            7
 Plain Text              1            3            0            3            0
 YAML                    1           95           42           46            7
===============================================================================
 Total                  50        16540        15739          307          494
===============================================================================